-32768	0	0	0	0
0 0 0 0 0
1 1 1 3 255
2 3 3 7 255
3 4 4 11 255
4 5 6 15 255
5 7 7 18 255
6 8 9 22 255
7 9 11 26 255
8 10 13 29 255
9 11 14 33 255
10 12 16 36 255
11 13 18 40 255
12 14 20 43 255
13 14 22 46 255
14 15 24 50 255
15 16 26 53 255
16 17 28 56 255
17 17 30 59 255
18 18 33 62 255
19 18 35 65 255
20 19 37 68 255
21 19 39 70 255
22 20 42 73 255
23 20 44 76 255
24 20 46 78 255
25 21 49 81 255
26 21 51 83 255
27 21 53 86 255
28 22 56 88 255
29 22 58 90 255
30 22 61 92 255
31 23 63 94 255
32 23 66 96 255
33 23 68 98 255
34 23 71 100 255
35 24 73 102 255
36 24 76 103 255
37 24 78 105 255
38 25 81 106 255
39 25 83 108 255
40 25 86 109 255
41 26 88 111 255
42 26 91 112 255
43 27 94 113 255
44 27 96 114 255
45 28 99 115 255
46 28 101 116 255
47 29 104 117 255
48 29 106 118 255
49 30 109 119 255
50 31 111 120 255
51 32 114 120 255
52 32 116 121 255
53 33 119 122 255
54 34 121 122 255
55 35 124 123 255
56 36 126 123 255
57 37 128 124 255
58 38 131 124 255
59 39 133 124 255
60 40 135 125 255
61 42 138 125 255
62 43 140 125 255
63 44 142 126 255
64 46 145 126 255
65 47 147 126 255
66 49 149 126 255
67 50 151 126 255
68 52 153 126 255
69 53 155 127 255
70 55 158 127 255
71 57 160 127 255
72 59 162 127 255
73 61 164 127 255
74 63 166 127 255
75 65 168 127 255
76 67 169 128 255
77 69 171 128 255
78 71 173 128 255
79 73 175 128 255
80 76 177 128 255
81 78 179 128 255
82 81 180 129 255
83 83 182 129 255
84 86 184 129 255
85 88 185 130 255
86 91 187 130 255
87 94 188 130 255
88 96 190 131 255
89 99 191 131 255
90 102 193 132 255
91 105 194 132 255
92 108 196 133 255
93 111 197 134 255
94 113 199 134 255
95 117 200 135 255
96 120 201 136 255
97 123 202 137 255
98 126 204 138 255
99 129 205 139 255
100 132 206 140 255
101 135 207 141 255
102 138 208 142 255
103 141 210 143 255
104 145 211 145 255
105 148 212 146 255
106 151 213 148 255
107 154 214 149 255
108 158 215 151 255
109 161 216 152 255
110 164 217 154 255
111 167 218 156 255
112 171 219 158 255
113 174 220 160 255
114 177 221 162 255
115 180 222 164 255
116 183 223 166 255
117 186 224 168 255
118 190 225 171 255
119 193 226 173 255
120 196 227 176 255
121 199 228 178 255
122 202 229 181 255
123 205 230 184 255
124 208 231 186 255
125 211 232 189 255
126 214 233 192 255
127 216 234 195 255
128 219 235 198 255
129 222 236 201 255
130 224 237 204 255
131 227 238 208 255
132 230 239 211 255
133 232 240 214 255
134 234 242 218 255
135 237 243 221 255
136 239 244 225 255
137 241 245 228 255
138 243 246 232 255
139 245 248 236 255
140 247 249 239 255
141 249 250 243 255
142 251 252 247 255
143 253 253 251 255
144 255 255 255 255